[smooth_axis]
smooth_x: 0.016546547 # 2 / (3 * 54.711246201)
smooth_y: 0.013603604 # 2 / (3 * 72.580645161)
accel_comp_x: 0.00001560406 # 1 / (2 * π * 54.711246201)^2
accel_comp_y: 0.00001054704 # 1 / (2 * π * 72.580645161)^2

[scurve]
acceleration_order: 4
min_jerk_limit_time: 0.013777778  # 1.0 / max(54.711246201, 72.580645161)



# X = 54.711246201
# Y = 72.580645161
