[smooth_axis]
smooth_x: 0.016577778 # 2 / (3 * 40.214477212)
smooth_y: 0.013 # 2 / (3 * 51.282051282)
accel_comp_x: 0.00001566301 # 1 / (2 * π * 40.214477212)^2
accel_comp_y: 0.00000963184 # 1 / (2 * π * 51.282051282)^2

[scurve]
acceleration_order: 4
min_jerk_limit_time: 0.0195  # 1.0 / max(40.214477212, 51.282051282)



# X = 40.214477212
# Y = 51.282051282
